19809        2974       33      38
431        15508       14      38
1262        1511       13      55
793        1189       21      60
306        814       26      97
493        563       19      116
349        464       33      100
352        384       34      116
241        419       36      98
315        305       36      111
267        342       42      129
231        385       47      141
290        318       53      138
260        285       72      156
329        271       70      136
243        281       78      179
338        299       72      188
280        300       118      182
277        339       101      216
278        393       126      325
342        325       166      275
290        312       166      250
325        254       170      196
325        268       172      205
272        257       196      210
390        247       174      193
269        217       163      187
269        239       164      167
221        241       147      181
248        230       141      160
274        218       114      159
244        238       130      196
239        257       151      180
256        256       155      220
234        327       195      260
267        348       185      285
224        340       252      308
253        411       242      373
270        482       312      408
327        553       369      498
309        638       365      586
353        1369       527      1503
347        716       1157      751
440        538       547      554
466        429       396      463
521        362       400      342
667        357       369      343
851        305       303      346
522        294       285      338
849        250       280      356
415        225       238      393
403        234       240      636
344        185       196      1093
300        195       201      17049
292        207       209      2658
244        190       213      1031
246        187       192      758
204        178       175      665
297        173       177      514
186        180       177      401
172        196       145      380
179        179       159      341
176        187       183      293
267        344       162      312
186        218       161      280
190        212       165      274
185        287       188      270
200        468       162      249
221        261       162      242
197        273       166      232
217        228       181      221
233        256       198      211
187        297       188      246
220        322       215      263
217        336       240      296
287        353       285      279
247        434       413      314
346        494       355      413
322        697       551      489
314        814       789      606
564        1103       630      936
336        4528       4199      4936
372        1213       880      1183
389        867       693      782
483        692       524      858
435        540       499      444
593        457       425      402
660        362       339      318
582        359       318      286
1396        278       287      244
716        267       267      206
3762        249       226      191
729        251       212      189
971        201       211      163
684        214       184      169
492        197       196      174
407        203       177      310
402        203       159      159
362        170       159      155
388        202       172      171
344        204       153      194
357        225       131      245
378        251       142      285
388        253       157      204
429        315       148      182
341        337       151      235
400        400       138      270
403        461       154      333
430        645       136      375
452        856       115      396
467        1074       144      373
438        1389       128      291
515        1258       119      269
490        948       128      294
551        819       103      269
578        780       105      267
739        708       126      246
675        607       124      243
1126        580       124      258
1802        589       125      276
773        508       132      323
1079        462       121      328
679        385       127      424
753        367       130      466
620        360       135      494
604        306       141      607
525        285       120      681
445        310       130      935
427        254       158      1933
386        270       128      1685
340        252       166      1115
300        217       127      801
326        232       162      744
305        193       140      693
277        185       161      599
283        183       146      496
268        169       149      462
249        183       131      419
226        160       150      402
236        202       114      365
200        156       129      332
172        149       168      259
162        155       158      254
185        162       150      241
189        149       178      188
181        149       381      198
166        145       127      196
136        175       161      171
151        140       144      169
132        153       164      146
147        182       153      169
114        193       168      154
125        166       156      157
144        179       145      164
174        179       147      136
144        199       172      163
146        218       163      177
145        203       150      164
163        199       151      178
147        185       167      185
171        182       138      173
154        173       187      187
179        200       184      195
133        156       190      180
153        157       222      167
164        155       183      185
179        143       224      162
202        135       214      157
206        148       200      148
266        165       223      155
269        141       242      167
379        155       275      159
449        165       277      148
472        165       264      180
662        163       299      172
828        178       323      197
715        170       372      168
2105        161       374      195
737        182       388      257
1226        215       475      217
740        240       413      197
944        248       428      191
748        170       493      152
648        156       487      184
555        146       481      170
563        142       572      205
569        141       619      187
532        116       608      188
470        109       636      279
422        125       717      303
395        95       679      227
368        104       677      176
348        104       836      156
331        108       981      146
335        116       1246      143
319        104       658      119
293        96       844      129
289        90       668      122
295        85       460      116
228        95       547      122
214        87       427      108
214        106       381      104
193        92       308      91
199        95       305      100
241        110       295      89
169        103       298      104
170        118       266      105
142        151       258      100
146        105       281      111
161        120       278      90
130        116       300      105
137        104       250      108
140        178       272      121
223        184       275      137
132        203       243      114
135        155       242      121
124        183       236      209
193        200       260      157
151        216       198      185
166        241       250      198
199        242       251      245
252        311       191      406
283        360       231      337
463        397       295      347
361        454       206      423
689        540       287      480
468        598       307      525
3751        700       251      646
495        824       252      778
912        981       249      1013
469        1289       280      1241
335        2803       274      1581
351        1860       283      3837
309        1442       324      1482
297        1102       267      1059
260        979       287      908
289        1090       353      827
254        1485       349      802
285        3632       402      821
332        1425       566      1337
221        810       550      4516
244        655       702      776
218        569       627      693
269        485       859      587
278        504       1030      532
275        446       1158      495
426        534       1433      465
377        577       1628      607
598        541       2039      627
437        632       2141      699
713        624       2649      815
1085        702       3598      913
522        1021       6029      1363
1938        1215       18364      1765
721        2051       6418      36440
34452        35749       44913      0
